* class: (3) : [3]
 0.3333
 0.3333
 0.3333
[ CPUDoubleType{3} ]
* petallength: (6) : [6, 3]
 0.9107  0.0179  0.0179
 0.0179  0.8036  0.0357
 0.0179  0.1071  0.1607
 0.0179  0.0357  0.7500
 0.0179  0.0179  0.0179
 0.0179  0.0179  0.0179
[ CPUDoubleType{6,3} ]
* petalwidth: (7) : [7, 6, 3]
(1,.,.) = 
  0.3333  0.0244  0.0357
  0.5385  0.0667  0.0526
  0.6842  0.0714  0.0526
  0.8378  0.1250  0.0833
  0.1429  0.1429  0.1429
  0.1429  0.1429  0.1429

(2,.,.) = 
  0.1111  0.2683  0.0357
  0.0769  0.0667  0.0526
  0.0526  0.0714  0.0526
  0.0270  0.1250  0.0833
  0.1429  0.1429  0.1429
  0.1429  0.1429  0.1429

(3,.,.) = 
  0.1111  0.1220  0.0357
  0.0769  0.1333  0.0526
  0.0526  0.0714  0.0526
  0.0270  0.1250  0.0833
  0.1429  0.1429  0.1429
  0.1429  0.1429  0.1429

(4,.,.) = 
  0.1111  0.5122  0.1786
  0.0769  0.5333  0.1053
  0.0526  0.5000  0.0526
  0.0270  0.2500  0.0833
  0.1429  0.1429  0.1429
  0.1429  0.1429  0.1429

(5,.,.) = 
  0.1111  0.0244  0.6429
  0.0769  0.0667  0.6316
  0.0526  0.1429  0.6842
  0.0270  0.1250  0.5000
  0.1429  0.1429  0.1429
  0.1429  0.1429  0.1429

(6,.,.) = 
  0.1111  0.0244  0.0357
  0.0769  0.0667  0.0526
  0.0526  0.0714  0.0526
  0.0270  0.1250  0.0833
  0.1429  0.1429  0.1429
  0.1429  0.1429  0.1429

(7,.,.) = 
  0.1111  0.0244  0.0357
  0.0769  0.0667  0.0526
  0.0526  0.0714  0.0526
  0.0270  0.1250  0.0833
  0.1429  0.1429  0.1429
  0.1429  0.1429  0.1429
[ CPUDoubleType{7,6,3} ]
* sepallength: (5) : [5, 6, 3]
(1,.,.) = 
  0.8364  0.2000  0.2000
  0.2000  0.1429  0.3333
  0.2000  0.1000  0.0769
  0.2000  0.1667  0.0217
  0.2000  0.2000  0.2000
  0.2000  0.2000  0.2000

(2,.,.) = 
  0.0909  0.2000  0.2000
  0.2000  0.3265  0.1667
  0.2000  0.1000  0.2308
  0.2000  0.1667  0.0217
  0.2000  0.2000  0.2000
  0.2000  0.2000  0.2000

(3,.,.) = 
  0.0364  0.2000  0.2000
  0.2000  0.4898  0.1667
  0.2000  0.6000  0.5385
  0.2000  0.3333  0.9130
  0.2000  0.2000  0.2000
  0.2000  0.2000  0.2000

(4,.,.) = 
  0.0182  0.2000  0.2000
  0.2000  0.0204  0.1667
  0.2000  0.1000  0.0769
  0.2000  0.1667  0.0217
  0.2000  0.2000  0.2000
  0.2000  0.2000  0.2000

(5,.,.) = 
  0.0182  0.2000  0.2000
  0.2000  0.0204  0.1667
  0.2000  0.1000  0.0769
  0.2000  0.1667  0.0217
  0.2000  0.2000  0.2000
  0.2000  0.2000  0.2000
[ CPUDoubleType{5,6,3} ]
* sepalwidth: (6) : [6, 5, 3]
(1,.,.) = 
  0.0588  0.5000  0.2857
  0.1000  0.6190  0.3750
  0.1429  0.5143  0.3585
  0.1667  0.1667  0.1667
  0.1667  0.1667  0.1667

(2,.,.) = 
  0.1373  0.1667  0.1429
  0.1000  0.1905  0.1250
  0.1429  0.1429  0.2453
  0.1667  0.1667  0.1667
  0.1667  0.1667  0.1667

(3,.,.) = 
  0.2549  0.0833  0.1429
  0.1000  0.0476  0.1250
  0.1429  0.2286  0.2453
  0.1667  0.1667  0.1667
  0.1667  0.1667  0.1667

(4,.,.) = 
  0.5098  0.0833  0.1429
  0.5000  0.0476  0.1250
  0.2857  0.0571  0.1132
  0.1667  0.1667  0.1667
  0.1667  0.1667  0.1667

(5,.,.) = 
  0.0196  0.0833  0.1429
  0.1000  0.0476  0.1250
  0.1429  0.0286  0.0189
  0.1667  0.1667  0.1667
  0.1667  0.1667  0.1667

(6,.,.) = 
  0.0196  0.0833  0.1429
  0.1000  0.0476  0.1250
  0.1429  0.0286  0.0189
  0.1667  0.1667  0.1667
  0.1667  0.1667  0.1667
[ CPUDoubleType{6,5,3} ]
